1	10	0.20035175879396983
1	49	0.20140178064027278
1	15	0.26753900352289883
1	57	0.09316917144985322
1	2	132.9
1	64	0.08915349461238523
1	23	0.09293300118001836
1	73	0.11624753990815657
1	37	0.13638637675582066
1	96	0.09274249825540824
1	41	0.10655747093522708
1	42	0.15102272727272728
1	43	0.06823549546465855
1	47	0.062032751176630756
1	48	0.04293923518958714
10	60	0.051536602209944764
10	64	0.04449848364149652
10	8	0.06436223974125733
100	67	0.1477013368112162
102	52	0.08003607033715747
102	53	0.04883436582980111
102	81	0.04292777300085985
102	23	0.06982212315895285
103	33	0.2059272712263178
104	61	0.21686310063463285
11	49	0.1069899602197386
113	27	0.14519858541893363
116	42	0.21517045454545458
12	50	0.10374149659863947
12	25	0.10636312286647512
12	48	0.046644050064234235
13	1	0.14520943064961123
13	49	0.29245437898591903
13	55	0.08437813120547995
14	37	0.12927116071237682
14	45	0.08761984256715243
14	55	0.0550764241861143
15	62	0.0371078187250996
15	89	0.029085426547221734
16	89	0.10447040224837519
16	76	0.19237196765498654
17	23	0.08505455763879784
17	26	0.11568518665292858
17	27	0.11580975698222706
17	33	0.10041138674481641
17	39	0.09852271850651854
17	53	0.0594880991196609
18	26	0.06505508440992312
18	49	0.10365599545368441
18	50	0.0491520551882725
19	22	0.10500698184719731
19	48	0.02834614171532314
19	72	0.06766675664905585
20	1	0.1391898670679709
20	34	0.16960250606459992
20	67	0.1206281925877622
21	44	0.1253176559833112
22	48	0.026994530474717872
23	41	0.1146605291793139
23	60	0.11110637517265194
23	80	0.10855737601214575
23	82	0.08328843913803145
23	9	0.11584143377885783
23	30	0.11794329896907217
23	33	0.11805526891484708
25	1	0.10212942061700528
25	11	0.19225212464589236
25	21	0.0958545197740113
25	57	0.09515313499539939
25	77	0.1289494101813
26	15	0.21165911759771855
26	38	0.09196447165646218
26	43	0.05398339893890125
26	53	0.05142239973915879
26	61	0.09532336053188276
26	73	0.0919673445586413
27	61	0.09522082631783448
27	73	0.09186842023054576
27	88	0.06962450873620911
27	24	105.02857142857142
27	26	0.09989243537630633
27	29	0.11008643135819517
27	59	0.05076997444927837
28	94	0.058061136002312476
28	1	0.07556903686982694
28	32	0.06452895349771103
28	43	0.05156490672599692
28	50	0.07216962489221042
28	75	0.13336007524621002
28	8	0.09744693753790176
28	81	0.04317766552020637
29	1	0.0717874759635482
29	119	95.40555555555557
29	53	0.04666068905553744
29	64	0.06400104351552928
29	66	0.059271914610891076
29	73	0.083451174769784
29	76	0.10286313267445342
29	84	0.09000524109014675
29	95	0.05014746678347204
3	21	0.08917725988700564
3	28	0.1257327773974734
3	46	0.10035365175236431
3	62	0.09432893426294821
30	39	0.09821221939365887
30	41	0.09721665425806082
30	69	0.16479782534828408
30	85	0.06272633212622866
30	94	0.07009683480271715
31	48	0.03564376543352334
31	50	0.07927565392354126
31	80	0.08374493927125508
31	99	110.32000000000001
31	33	0.09107194452470385
32	71	0.0898451674088735
32	79	0.14936420345489443
32	33	0.1284826846080819
32	43	0.07990972103371556
32	44	0.13774100764902966
32	54	0.1640592059030218
32	59	0.07523392721497135
32	60	0.12092001899171273
33	69	0.16464152225620116
33	96	0.0845324494068388
33	23	0.08470608802062847
33	37	0.12431274453210184
33	43	0.06219493410919048
33	47	0.05654128904274768
33	51	0.10864125560538117
33	62	0.09048929282868524
33	66	0.07525665915974217
33	67	0.07899250081512879
34	19	0.12431848404255319
34	49	0.1652869861716234
34	51	0.0978195067264574
34	53	0.05334304695141833
34	55	0.04768814559763896
34	64	0.07316674353276592
34	97	0.04543584669860446
35	44	0.10141601871167583
35	45	0.07970845278256677
35	48	0.037024301308532
35	56	0.10695333333333334
35	70	0.11619047619047618
35	71	0.06615124525812303
35	28	0.11410079745383746
36	101	95.15
36	18	0.13910818713450293
36	37	0.0976460778654352
36	84	0.08976415094339624
37	1	0.07332110609480813
37	19	0.11106810410334347
37	32	0.0626094289615292
37	40	0.08956227022058824
37	45	0.0677798838382082
37	50	0.07002281546421386
37	54	0.10271653197470135
37	88	0.06459645343056017
38	39	0.09260587826891922
38	42	0.12991883116883116
38	43	0.05870027627686364
38	69	0.15539051502354254
38	104	0.047796225513616813
38	32	0.07345824202301593
39	90	0.13073470828500833
39	24	123.45714285714287
39	32	0.07932351962550342
39	49	0.18709171109246883
39	54	0.13013753639192854
39	71	0.07126834900214417
39	73	0.10798787916653652
4	5	0.08099726360595927
4	56	0.12432000000000001
40	1	0.08186606471030851
40	18	0.15906432748538013
40	20	0.05881610955941977
40	23	0.07608059088326559
40	63	0.09555594589847183
41	39	0.10102406850266142
41	56	0.11640666666666669
41	62	0.09316839783722254
41	8	0.12101533396863902
41	92	124.72142857142859
41	27	0.11875000000000002
41	38	0.10909034112207923
42	35	0.07679361715389892
42	39	0.07127979634343902
42	43	0.0451822693821667
42	65	0.04843814503921839
43	112	194.76666666666668
43	16	0.1091588435850731
43	31	0.1765470147449843
43	4	0.14622122122122125
43	51	0.174678624813154
43	104	0.08142419175027871
44	98	0.06897168145451375
44	17	0.09289629252632815
44	42	0.12840097402597403
44	65	0.062195050030470427
44	67	0.07368298476873632
44	85	0.058454659670386516
45	77	0.13658301005462753
45	20	0.07771781241553294
45	35	0.12545720875148042
45	38	0.1257472197925778
45	44	0.12723370630254757
45	5	0.08742170872605656
45	55	0.06285839208613435
45	60	0.11169587361878455
45	61	0.13033998186763374
45	65	0.07913306729049127
46	28	0.1252896882195532
46	45	0.08752478002295412
46	59	0.06082521925281403
46	61	0.11407978241160471
46	73	0.11006341570085283
47	43	0.10999914427520108
47	48	0.06922026570661498
47	50	0.15395348280157134
47	55	0.09367291541418447
47	59	0.10356271436134706
47	68	0.1783118324316826
47	31	0.19420020546289582
47	86	0.12425209028079841
47	34	0.1964280939010181
47	36	0.22516202487300752
47	41	0.17177614875054883
48	24	309.50714285714287
48	27	0.2946885201305767
48	42	0.35171266233766235
48	43	0.15891176254859296
48	54	0.3262548940869391
48	56	0.28887333333333337
48	60	0.24046653018942382
48	106	309.50714285714287
48	67	0.20183054636918346
48	139	309.50714285714287
48	92	309.50714285714287
48	16	0.17346624231870134
49	37	0.06771855557693542
49	43	0.033880284100633234
49	47	0.030800497880119806
49	32	0.04239820094771504
5	62	0.12284611553784859
50	56	0.12988266666666667
50	70	0.1411001267427123
50	91	0.08808524105918347
50	24	139.16
50	34	0.1275892498997192
50	37	0.14281059585658393
50	38	0.12171935524178433
50	40	0.12790441176470588
50	45	0.09679685598024552
51	76	0.1202156334231806
51	29	0.11686950445466722
51	36	0.11718339464004204
51	52	0.08937427984569912
51	53	0.05453211607433975
51	57	0.07816676160014022
51	63	0.09792727911470228
51	65	0.06137333149855512
52	13	0.06464612660851542
52	23	0.08723832000349635
52	50	0.08964950416786434
52	54	0.1315069395643008
52	63	0.10956986650272266
52	74	0.08297721982041903
52	76	0.13450808625336927
52	88	0.08270218760357972
53	30	0.1686323024054983
53	45	0.1422228405151926
53	47	0.0954373954646233
53	52	0.1638929245361789
53	76	0.22044923629829294
53	100	0.09027225901398088
54	81	0.04078532530811121
54	30	0.0782405498281787
54	31	0.08599226492627508
54	36	0.09970222455771588
54	39	0.07684178045205585
54	47	0.04428021315492629
55	59	0.11055779987569919
55	18	0.33437500000000003
55	62	0.17085097111553785
55	19	0.2606905395136778
55	86	0.13264462809917354
55	22	0.27374326750448835
55	29	0.23972660571827872
55	35	0.19958704731035345
55	40	0.21021369485294117
55	44	0.20241323724634938
55	53	0.11185808607760027
55	56	0.21346500000000002
56	1	0.08061915511125443
56	17	0.08808675566691461
56	40	0.09847689075630252
56	42	0.12175324675324675
56	43	0.055010879929586066
56	52	0.08588175513680248
56	68	0.08917424647761726
57	24	142.64375
57	47	0.06658076938037265
57	48	0.046087385474602484
57	61	0.12932343608340888
57	63	0.12527994906024945
57	67	0.0930184219106619
57	79	0.13689419385796545
57	9	0.11554779262859459
58	59	0.054666804778675505
58	81	0.04861994840928634
58	87	0.053027508596436394
58	10	0.17048743718592965
58	54	0.1192094167252284
59	69	0.28117081695063345
59	71	0.1194210786739238
59	79	0.1985330408554977
59	1	0.1556594646888101
59	88	0.13713717505563713
59	20	0.11183246881958478
59	26	0.19675494514204192
59	32	0.13291875580848353
59	33	0.17077758581040048
59	47	0.09655984841328497
59	51	0.18553491351697632
60	78	0.07418507845020814
60	24	128.7111111111111
60	45	0.08952882211324809
60	58	0.11381299063675931
60	62	0.09614873837981408
60	63	0.11304330854655815
60	67	0.08393290584356773
61	34	0.10112887513609535
61	35	0.0962538178644892
61	59	0.05331814101236102
61	71	0.06367309912584529
61	72	0.08507192163819367
62	46	0.10638692415693132
62	52	0.1073025733513685
62	65	0.07368469336268979
62	68	0.11141628519905673
62	69	0.18194586023332204
62	18	0.1957115009746589
62	19	0.15258358662613983
62	31	0.12134396905970511
62	37	0.13737840206957005
63	53	0.05568633844147375
63	54	0.12002108222066057
63	56	0.10626933333333333
63	62	0.08505478087649401
63	65	0.06267235447915233
63	17	0.09360920800219238
63	18	0.16646198830409356
63	29	0.11934315495254177
63	33	0.09399430387584101
63	51	0.10211659192825112
64	68	0.12406887224302954
64	72	0.11497339092206241
64	27	0.14193161724700762
64	30	0.12294329896907218
64	34	0.1366741160964988
64	50	0.10712040097729235
64	65	0.0820524287876703
65	75	0.24124156246541995
65	83	0.15629077353215284
65	14	0.14422466260915587
65	84	0.17139150943396228
65	28	0.1808948907834962
65	85	0.09398603207449562
65	31	0.16468002175489485
65	98	0.11089577292842974
65	36	0.19093536521282187
65	51	0.16293721973094172
65	52	0.14562396673513353
65	60	0.14114943024861878
65	69	0.2469249065579341
66	32	0.10342141193478437
66	70	0.1632065906210393
66	73	0.14079378963481304
66	86	0.09335218210816298
67	22	0.18354278874925195
67	35	0.1338216044380727
67	4	0.11512762762762763
67	43	0.0787352387472189
67	45	0.10666713038639447
67	98	0.09360598199298031
67	1	0.1153875094055681
68	82	0.06997670355270821
69	43	0.037775971247646756
69	58	0.06505880272349455
7	69	0.08375806999660211
7	44	0.054538845691889506
70	26	0.09380201315685187
70	40	0.09064797794117647
70	43	0.050637514975183984
70	60	0.07662508632596686
70	73	0.086267220642904
70	81	0.04240111779879622
71	56	0.16168000000000002
71	57	0.12144140309587446
71	75	0.23002576708452552
71	83	0.14902450764519728
71	11	0.2453662484823958
71	40	0.15921743697478993
71	45	0.1204942589841557
72	70	0.13146261089987327
72	86	0.07519501232419894
72	88	0.08594961882664899
72	92	129.655
72	106	129.655
72	32	0.08330575857360856
72	40	0.11916819852941177
72	50	0.09316973268180512
72	54	0.13667076598735067
72	65	0.07136645108022568
73	38	0.09999687617143573
73	6	114.325
73	74	0.0760392417692052
73	81	0.049150902837489255
74	41	0.12054865127999542
74	58	0.13294721018657704
74	78	0.086657060518732
74	79	0.1442898272552783
74	14	0.1193569727441122
74	30	0.124
75	20	0.04071087485359042
75	21	0.05318385122410546
75	47	0.035151114395736906
75	48	0.024331694783565273
75	64	0.050519195561332164
75	87	0.03531181619256018
76	17	0.0762537681556591
76	21	0.06550141242937854
76	52	0.07434497269675869
76	58	0.08201432487399417
76	69	0.12606184165817194
76	89	0.05430645822354938
77	40	0.09674479166666666
77	57	0.07379105872730725
77	1	0.07920115374968648
77	114	105.25833333333333
77	12	0.07291041329946894
77	17	0.08653740750890655
78	27	0.1651931447225245
78	62	0.12960657370517928
79	50	0.0748778384593274
79	60	0.08095649171270719
8	36	0.10831581713084604
8	38	0.09014588279395228
8	57	0.07225167594093677
8	76	0.11111859838274935
80	48	0.04256229181571316
80	52	0.1055925721824224
80	59	0.06367884354211266
81	36	0.24445612191276933
82	31	0.15563814358230602
82	93	0.1372501998401279
83	76	0.12532794249775384
83	105	116.24166666666667
83	29	0.12183951551854658
83	51	0.10425261584454411
83	69	0.1579907124249632
84	1	0.0797592174567344
84	26	0.10081635888087502
85	60	0.15018128453038676
85	82	0.11258008153756552
86	28	0.1716846101188624
86	50	0.12390413912043692
87	19	0.2430851063829787
87	60	0.16569406077348067
87	66	0.13249462866609715
88	68	0.12555139409071994
88	83	0.129772743565847
89	1	0.128510158013544
89	48	0.05518127899194573
89	58	0.15102131046069503
89	6	170.79000000000002
89	74	0.11359494512803459
9	58	0.10916084534441595
9	62	0.09221862549800797
9	74	0.08210841370136349
9	40	0.11346507352941178
9	42	0.1402840909090909
9	47	0.05762184449025634
90	2	94.43333333333334
90	25	0.0695744001571748
90	4	0.0708958958958959
90	48	0.03051087366242798
90	72	0.0728343167123006
90	93	0.07548627764455103
91	52	0.126633602190939
91	60	0.12274257596685084
91	22	0.18908837023738279
93	18	0.18289473684210528
93	36	0.13147661586967946
94	56	0.16144333333333336
94	58	0.1529533999469449
95	37	0.19524084407671094
95	49	0.2883121803371851
96	95	0.07532194480946125
97	33	0.19816733396623604
98	1	0.12326937547027841
98	37	0.1681226348534411
98	46	0.13019550186759915
98	73	0.14329761644434727
